Version 0.9.7
6
 4 10 175 77 128 0 1
 5 80 400 206 81 2 2
 0 466 -8 877 276 8 3
 1 141 215 206 81 140 4
 3 256 20 203 58 150 5
 0 438 268 877 276 379 7
 0
88
 255 5 71 189 71 189 71 19 71 19 519 19 519 19 0 1 0 3
 65793 5 71 288 71 288 71 240 71 240 519 240 519 240 0 1 0 3
 65793 5 71 275 71 275 71 302 156 302 156 284 156 284 0 1 0 4
 255 5 71 202 71 202 156 202 156 202 156 226 156 226 0 1 0 4
 255 5 532 19 532 19 491 19 491 58 493 58 493 58 0 3 0 3
 65793 5 571 240 571 240 571 240 571 201 571 201 571 201 0 3 0 3
 0 5 71 262 71 262 61 262 61 112 267 112 267 57 0 1 0 5
 16744448 5 197 226 197 226 197 284 493 284 493 162 493 162 0 4 0 3
 65793 5 662 240 662 240 662 240 662 201 662 201 662 201 0 3 0 3
 255 5 584 19 584 19 584 19 584 58 584 58 584 58 0 3 0 3
 16744448 5 506 162 506 162 506 167 584 167 584 162 584 162 0 3 0 3
 16744448 5 216 226 198 226 198 276 597 276 597 162 597 162 0 4 0 3
 16744448 5 197 239 197 239 197 136 623 136 623 162 623 162 0 4 0 3
 16744448 5 519 162 519 162 519 293 216 293 216 239 216 239 0 3 0 4
 16744448 5 532 162 532 162 532 81 636 81 636 162 636 162 0 3 0 3
 255 5 688 19 688 19 688 19 688 58 688 58 688 58 0 3 0 3
 0 5 766 240 766 240 766 240 766 201 766 201 766 201 0 3 0 3
 4259584 5 235 226 235 226 235 212 688 212 688 162 688 162 0 4 0 3
 4259584 5 701 162 703 162 703 97 776 97 776 162 779 162 0 3 0 3
 4259584 5 254 226 254 226 245 226 245 170 792 170 792 162 0 4 0 3
 4259584 5 235 239 235 239 235 188 818 188 818 162 818 162 0 4 0 3
 4259584 5 254 239 254 239 254 175 254 175 714 175 714 175 0 4 0 3
 4259584 5 727 175 727 175 727 75 831 75 831 162 831 162 0 3 0 3
 0 5 857 201 857 201 857 201 857 240 857 240 857 240 0 3 0 3
 255 5 779 19 779 19 779 19 779 58 779 58 779 58 0 3 0 3
 65535 5 740 162 740 162 740 110 273 110 273 226 273 226 0 3 0 4
 65535 5 753 162 753 162 753 150 883 150 883 162 883 162 0 3 0 3
 65535 5 292 226 292 226 292 132 896 132 896 162 896 162 0 4 0 3
 65535 5 273 239 273 239 273 126 922 126 922 162 922 162 0 4 0 3
 65535 5 753 97 753 97 753 257 292 257 292 239 292 239 0 3 0 4
 65535 5 766 97 766 97 766 121 935 121 935 162 935 162 0 3 0 3
 0 5 961 201 961 201 961 201 961 240 961 240 961 240 0 3 0 3
 255 5 883 19 883 19 883 19 883 58 883 58 883 58 0 3 0 3
 255 5 987 19 987 19 987 19 987 58 987 58 987 58 0 3 0 3
 0 5 1065 201 1065 201 1065 201 1065 240 1065 240 1065 240 0 3 0 3
 16744703 5 311 226 311 226 311 308 727 308 727 97 727 97 0 4 0 3
 16744703 5 740 97 740 134 989 134 989 162 987 162 987 162 0 3 0 3
 16744703 5 330 226 330 226 1000 226 1000 226 1000 162 1000 162 0 4 0 3
 16744703 5 311 239 311 239 311 296 1026 296 1026 162 1026 162 0 4 0 3
 16744703 5 330 239 330 239 330 266 701 266 701 97 701 97 0 4 0 3
 16744703 5 714 97 714 97 714 131 1039 131 1039 162 1039 162 0 3 0 3
 12615680 5 610 162 593 162 593 215 1096 215 1096 162 1104 162 0 3 0 3
 12615680 5 649 162 676 162 676 131 1147 131 1147 162 1117 162 0 3 0 3
 255 5 1091 19 1091 19 1091 19 1091 58 1091 58 1091 58 0 3 0 3
 0 5 1169 240 1169 240 1169 240 1169 201 1169 201 1169 201 0 3 0 3
 4259584 5 805 162 822 162 822 224 1156 224 1156 162 1156 162 0 3 0 3
 4259584 5 844 162 860 162 860 210 1143 210 1143 162 1143 162 0 3 0 3
 65535 5 909 162 922 162 922 227 1188 227 1188 97 1169 97 0 3 0 3
 65535 5 948 162 948 162 948 214 1197 214 1197 97 1156 97 0 3 0 3
 12615935 5 1013 162 1013 162 1013 150 1130 150 1130 97 1130 97 0 3 0 3
 12615935 5 1052 162 1052 162 1052 112 1117 112 1117 97 1117 97 0 3 0 3
 0 5 519 253 519 253 491 253 491 253 491 529 491 529 0 3 0 7
 255 5 1286 19 1286 19 1258 19 1258 19 1258 295 1258 295 0 3 0 7
 255 5 465 373 465 373 465 295 465 295 491 295 491 295 0 7 0 7
 255 5 569 373 569 373 569 373 569 295 569 295 569 295 0 7 0 7
 0 5 543 438 543 438 543 438 543 529 543 529 543 529 0 7 0 7
 0 5 647 438 647 438 647 438 647 529 647 529 647 529 0 7 0 7
 0 5 751 438 751 438 751 438 751 529 751 529 751 529 0 7 0 7
 12615680 5 1091 175 1091 186 940 186 940 404 465 404 465 438 0 3 0 7
 4259584 5 805 175 805 175 805 438 805 438 478 438 478 438 0 3 0 7
 255 5 777 295 777 295 785 295 785 373 777 373 777 373 0 7 0 7
 0 5 855 438 855 438 855 438 855 529 855 529 855 529 0 7 0 7
 12615680 5 1091 162 974 162 974 409 569 409 569 438 569 438 0 3 0 7
 65408 5 1130 162 1130 162 1130 328 519 328 519 438 582 438 0 3 0 7
 12615680 5 1091 188 1091 188 926 188 926 400 673 400 673 438 0 3 0 7
 4259584 5 1130 175 1130 197 1027 197 1027 438 686 438 686 438 0 3 0 7
 8388672 5 491 438 491 438 491 495 790 495 790 438 790 438 0 7 0 7
 8388672 5 610 175 610 175 610 438 610 438 777 438 777 438 0 3 0 7
 255 5 881 295 881 295 881 295 881 373 881 373 881 373 0 7 0 7
 0 5 959 438 959 438 959 438 959 529 959 529 959 529 0 7 0 7
 0 5 1063 438 1063 438 1063 438 1063 529 1063 529 1063 529 0 7 0 7
 255 5 985 295 985 295 985 295 985 373 985 373 985 373 0 7 0 7
 8388672 5 803 438 803 438 803 453 985 453 985 438 985 438 0 7 0 7
 8388672 5 907 438 907 438 907 445 998 445 998 438 998 438 0 7 0 7
 8388672 5 1011 438 1011 438 1011 418 302 418 302 64 302 64 0 7 0 5
 255 5 1089 295 1089 295 1089 295 1089 373 1089 373 1089 373 0 7 0 7
 0 5 1167 438 1167 438 1167 438 1167 529 1167 529 1167 529 0 7 0 7
 16512 5 1091 201 1091 207 980 207 980 406 1089 406 1089 438 0 3 0 7
 65535 5 1143 97 1143 97 1143 111 712 111 712 438 712 438 0 3 0 7
 16711935 5 1013 175 1013 175 1013 316 725 316 725 438 725 438 0 3 0 7
 8388672 5 738 438 738 438 738 472 894 472 894 438 894 438 0 7 0 7
 33023 5 909 175 909 175 909 373 909 373 582 373 582 373 0 3 0 7
 8388672 5 595 373 595 373 595 464 881 464 881 438 881 438 0 7 0 7
 128 5 1130 188 1130 188 1011 188 1011 438 1102 438 1102 438 0 3 0 7
 128 5 1156 84 1156 84 1156 277 1128 277 1128 438 1128 438 0 3 0 7
 128 5 1143 84 1143 84 1143 438 1143 438 1141 438 1141 438 0 3 0 7
 128 5 1154 438 1154 438 1154 403 322 403 322 64 322 64 0 7 0 5
 8421440 5 1104 97 1104 97 342 97 342 97 342 64 342 64 0 3 0 5
14
 7004 1 14 487 110 5 0 0 0 3
 7008 1 14 578 110 5 0 0 0 3
 7004 1 14 682 110 5 0 0 0 3
 7008 1 14 773 110 5 0 0 0 3
 7008 1 14 877 110 5 0 0 0 3
 7008 1 14 981 110 5 0 0 0 3
 7002 1 14 1085 110 5 0 0 0 3
 7008 1 14 459 386 5 0 0 0 7
 7011 1 14 563 386 5 0 0 0 7
 7021 1 14 667 386 5 0 0 0 7
 7032 1 14 771 386 5 0 0 0 7
 7032 1 14 875 386 5 0 0 0 7
 7032 1 14 979 386 5 0 0 0 7
 7021 1 14 1083 386 5 0 0 0 7
