Version 0.9.7
6
 4 10 175 77 128 0 1
 5 80 400 206 81 2 2
 0 132 111 877 276 8 3
 1 237 450 206 81 140 4
 3 1039 23 203 58 150 5
 0 1031 106 877 276 185 6
 0
110
 255 5 71 189 71 189 71 122 185 122 185 125 185 125 0 1 0 3
 255 5 952 125 952 125 1012 125 1012 372 952 372 952 372 0 3 0 3
 255 5 237 372 237 372 237 461 237 461 252 461 252 461 0 3 0 4
 0 5 71 288 71 288 71 359 71 359 185 359 185 359 0 1 0 3
 0 5 939 359 939 359 1003 359 1003 138 939 138 939 138 0 3 0 3
 0 5 224 359 224 359 224 519 224 519 252 519 252 519 0 3 0 4
 0 5 926 138 926 138 926 60 926 60 1050 60 1050 60 0 3 0 5
 0 5 237 281 237 281 237 281 237 359 237 359 237 359 0 3 0 3
 255 5 159 177 159 177 159 125 159 125 198 125 198 125 0 3 0 3
 255 5 250 177 250 177 250 177 250 125 250 125 250 125 0 3 0 3
 0 5 328 281 328 281 328 281 328 359 328 359 328 359 0 3 0 3
 16744448 5 293 461 293 461 293 460 159 460 159 281 159 281 0 4 0 3
 65408 5 211 281 211 281 211 433 331 433 331 461 331 461 0 3 0 4
 16711935 5 350 461 350 461 350 421 172 421 172 216 172 216 0 4 0 3
 33023 5 369 461 369 461 369 411 198 411 198 216 198 216 0 4 0 3
 16711808 5 388 461 388 461 388 396 224 396 224 216 224 216 0 4 0 3
 8454143 5 312 461 312 461 312 443 185 443 185 281 185 281 0 4 0 3
 8421376 5 407 461 407 461 407 385 250 385 250 281 250 281 0 4 0 3
 16776960 5 426 461 426 461 426 376 276 376 276 281 276 281 0 4 0 3
 0 5 536 281 536 281 536 281 536 359 536 359 536 359 0 3 0 3
 255 5 458 125 458 125 458 125 458 177 458 177 458 177 0 3 0 3
 12615680 5 172 281 172 281 172 288 458 288 458 281 458 281 0 3 0 3
 65535 5 312 474 312 474 312 466 471 466 471 281 471 281 0 4 0 3
 12615680 5 293 474 293 474 293 561 497 561 497 281 497 281 0 4 0 3
 65535 5 198 281 198 281 198 300 510 300 510 281 510 281 0 3 0 3
 4259584 5 224 281 224 281 224 254 471 254 471 216 471 216 0 3 0 3
 16711935 5 350 474 342 474 342 549 484 549 484 216 484 216 0 4 0 3
 16711935 5 185 216 185 216 185 209 510 209 510 216 510 216 0 3 0 3
 4259584 5 331 474 321 474 321 576 518 576 518 216 523 216 0 4 0 3
 255 5 562 125 562 125 562 125 562 177 562 177 562 177 0 3 0 3
 0 5 640 281 640 281 640 281 640 359 640 359 640 359 0 3 0 3
 4227327 5 211 216 211 216 211 195 558 195 558 281 562 281 0 3 0 3
 16711808 5 388 474 377 474 377 528 575 528 575 281 575 281 0 4 0 3
 33023 5 369 474 359 474 359 539 601 539 601 281 601 281 0 4 0 3
 16711808 5 237 216 231 216 231 185 606 185 606 281 614 281 0 3 0 3
 8421376 5 263 281 258 281 258 169 575 169 575 216 575 216 0 3 0 3
 8421376 5 407 474 400 474 400 518 614 518 614 216 614 216 0 4 0 3
 16776960 5 426 474 420 474 420 506 588 506 588 216 588 216 0 4 0 3
 16776960 5 289 281 289 281 289 341 622 341 622 216 627 216 0 3 0 3
 255 5 692 125 692 125 692 125 692 177 692 177 692 177 0 3 0 3
 65793 5 770 281 770 281 770 281 770 359 770 359 770 359 0 3 0 3
 12615680 5 484 281 450 281 450 424 700 424 700 281 705 281 0 3 0 3
 65535 5 523 281 542 281 542 412 710 412 710 281 718 281 0 3 0 3
 4259584 5 497 216 501 216 501 396 738 396 738 281 744 281 0 3 0 3
 16711935 5 536 216 529 216 529 452 750 452 750 281 757 281 0 3 0 3
 4227327 5 588 281 591 281 591 81 731 81 731 216 731 216 0 3 0 3
 16711808 5 627 281 620 281 620 95 718 95 718 216 718 216 0 3 0 3
 8421376 5 601 216 590 216 590 88 770 88 770 216 770 216 0 3 0 3
 16776960 5 640 216 649 216 649 105 757 105 757 216 757 216 0 3 0 3
 255 5 822 125 822 125 822 125 822 177 822 177 822 177 0 3 0 3
 0 5 900 281 900 281 900 281 900 359 900 359 900 359 0 3 0 3
 16744703 5 692 281 692 281 692 343 822 343 822 281 822 281 0 3 0 3
 16744703 5 705 216 705 216 705 229 861 229 861 281 861 281 0 3 0 3
 16744703 5 744 216 744 216 874 216 874 216 874 281 874 281 0 3 0 3
 255 5 939 125 939 125 1084 125 1084 125 1084 120 1084 120 0 3 0 6
 255 5 1097 120 1097 120 1035 120 1035 367 1097 367 1097 367 0 6 0 6
 0 5 913 138 913 138 1097 138 1097 138 1097 133 1097 133 0 3 0 6
 0 5 1084 133 1084 133 1029 133 1029 354 1084 354 1084 354 0 6 0 6
 16744703 5 887 281 887 281 1038 281 1038 67 1085 67 1085 67 0 3 0 5
 12615680 5 692 294 692 299 1050 299 1050 172 1058 172 1058 172 0 3 0 6
 4259584 5 731 294 731 308 1064 308 1064 172 1071 172 1071 172 0 3 0 6
 16744703 5 731 281 731 281 731 288 835 288 835 281 835 281 0 3 0 3
 4227327 5 705 203 705 203 705 163 1084 163 1084 172 1084 172 0 3 0 6
 8421376 5 744 203 744 203 744 155 1097 155 1097 172 1097 172 0 3 0 6
 12615680 5 1058 185 1050 185 1050 460 1118 460 1118 276 1123 276 0 6 0 6
 255 5 1123 120 1123 120 1123 120 1123 172 1123 172 1123 172 0 6 0 6
 65793 5 1201 276 1201 276 1201 276 1201 354 1201 354 1201 354 0 6 0 6
 8454016 5 497 203 447 203 447 474 1130 474 1130 276 1136 276 0 3 0 6
 255 5 1227 120 1227 120 1227 120 1227 172 1227 172 1227 172 0 6 0 6
 0 5 1305 276 1305 276 1305 276 1305 354 1305 354 1305 354 0 6 0 6
 0 5 1409 276 1409 276 1409 276 1409 354 1409 354 1409 354 0 6 0 6
 255 5 1331 120 1331 120 1331 120 1331 172 1331 172 1331 172 0 6 0 6
 16711935 5 536 203 551 203 551 403 1156 403 1156 276 1162 276 0 3 0 6
 12615680 5 1058 198 1044 198 1044 452 1169 452 1169 276 1175 276 0 6 0 6
 12615680 5 1058 211 1050 211 1050 443 1221 443 1221 276 1227 276 0 6 0 6
 65408 5 1071 185 1065 185 1065 439 1233 439 1233 276 1240 276 0 6 0 6
 33023 5 1240 211 1240 211 1240 85 599 85 599 294 588 294 0 6 0 3
 16711808 5 627 294 641 294 641 507 1279 507 1279 276 1279 276 0 3 0 6
 12615680 5 1058 224 1058 224 1053 224 1053 263 1058 263 1058 263 0 6 0 6
 12615680 5 1058 276 1053 276 1053 427 1253 427 1253 276 1253 276 0 6 0 6
 65408 5 1071 198 1064 198 1064 419 1266 419 1266 276 1266 276 0 6 0 6
 12615680 5 1058 289 1051 289 1051 398 1331 398 1331 276 1331 276 0 6 0 6
 12615680 5 1058 302 1058 302 1058 467 1316 467 1316 211 1344 211 0 6 0 6
 4259584 5 1071 211 1064 211 1064 412 1344 412 1344 276 1344 276 0 6 0 6
 4259584 5 1071 224 1071 224 1071 224 1071 263 1071 263 1071 263 0 6 0 6
 4259584 5 1071 276 1071 276 1071 389 1319 389 1319 211 1357 211 0 6 0 6
 33023 5 1084 185 1078 185 1078 482 1375 482 1375 211 1383 211 0 6 0 6
 33023 5 1383 276 1385 276 1385 475 1078 475 1078 198 1084 198 0 6 0 6
 8421376 5 614 203 614 203 614 493 1370 493 1370 276 1370 276 0 3 0 6
 16776960 5 640 203 640 203 1396 203 1396 203 1396 211 1396 211 0 3 0 6
 255 5 1474 120 1474 120 1474 120 1474 172 1474 172 1474 172 0 6 0 6
 0 5 1552 276 1552 276 1552 276 1552 354 1552 354 1552 354 0 6 0 6
 255 5 1591 120 1591 120 1591 120 1591 172 1591 172 1591 172 0 6 0 6
 65793 5 1669 276 1669 276 1669 276 1669 354 1669 354 1669 354 0 6 0 6
 12615680 5 484 294 484 294 484 465 1474 465 1474 276 1474 276 0 3 0 6
 12615808 5 1149 276 1143 276 1143 517 1487 517 1487 276 1487 276 0 6 0 6
 12615808 5 1253 211 1245 211 1245 153 1591 153 1591 276 1591 276 0 6 0 6
 12615808 5 1396 276 1396 276 1396 296 1604 296 1604 276 1604 276 0 6 0 6
 12615808 5 1500 276 1500 276 1500 332 1708 332 1708 276 1708 276 0 6 0 6
 12615808 5 1617 276 1617 276 1617 324 1721 324 1721 276 1721 276 0 6 0 6
 12615808 5 1734 276 1734 276 1734 99 1105 99 1105 67 1105 67 0 6 0 5
 255 5 1708 120 1708 120 1708 120 1708 172 1708 172 1708 172 0 6 0 6
 0 5 1786 276 1786 276 1786 276 1786 354 1786 354 1786 354 0 6 0 6
 65535 5 523 294 523 294 523 542 1513 542 1513 276 1513 276 0 3 0 6
 128 5 1188 276 1188 276 1188 385 1526 385 1526 276 1526 276 0 6 0 6
 128 5 1292 276 1292 276 1292 436 1630 436 1630 276 1630 276 0 6 0 6
 128 5 1409 211 1409 211 1643 211 1643 211 1643 276 1643 276 0 6 0 6
 128 5 1539 276 1539 276 1539 411 1747 411 1747 276 1747 276 0 6 0 6
 128 5 1656 276 1656 276 1656 393 1760 393 1760 276 1760 276 0 6 0 6
 128 5 1773 276 1773 276 1773 93 1125 93 1125 67 1125 67 0 6 0 5
12
 7004 1 14 153 229 5 0 0 0 3
 7004 1 14 244 229 5 0 0 0 3
 7008 1 14 452 229 5 0 0 0 3
 7008 1 14 556 229 5 0 0 0 3
 7002 1 14 686 229 5 0 0 0 3
 7021 1 14 816 229 5 0 0 0 3
 7008 1 14 1117 224 5 0 0 0 6
 7011 1 14 1221 224 5 0 0 0 6
 7021 1 14 1325 224 5 0 0 0 6
 7032 1 14 1702 224 5 0 0 0 6
 7032 1 14 1585 224 5 0 0 0 6
 7032 1 14 1468 224 5 0 0 0 6
