Version 0.9.7
5
 4 10 175 77 128 0 1
 5 418 591 206 81 2 2
 0 175 211 877 276 8 3
 3 268 30 203 58 140 4
 6 523 27 449 130 149 5
 1
33
 65793 5 71 288 71 288 71 472 71 472 228 472 228 472 0 1 0 3
 65793 5 293 420 293 420 293 420 293 472 293 472 293 472 0 3 0 3
 65793 5 410 420 410 420 410 420 410 472 410 472 410 472 0 3 0 3
 255 5 319 238 319 238 319 238 319 277 319 277 319 277 0 3 0 3
 255 5 995 238 995 238 995 238 995 459 995 459 995 459 0 3 0 3
 255 5 423 459 423 459 423 602 423 602 433 602 433 602 0 3 0 2
 0 5 397 472 397 472 397 660 397 660 433 660 433 660 0 3 0 2
 255 5 423 238 423 238 491 238 491 54 539 54 539 54 0 3 0 5
 0 5 956 459 956 459 956 459 956 225 956 225 956 225 0 3 0 3
 0 5 280 225 280 225 280 67 280 67 279 67 279 67 0 3 0 4
 0 5 280 472 280 472 280 472 280 420 280 420 280 420 0 3 0 3
 0 5 241 472 241 472 241 472 241 420 241 420 241 420 0 3 0 3
 0 5 306 472 306 472 228 472 228 472 228 420 228 420 0 3 0 3
 255 5 267 420 267 420 267 420 267 459 267 459 267 459 0 3 0 3
 255 5 71 228 71 228 71 239 228 239 228 238 228 238 0 1 0 3
 0 5 267 225 267 225 267 225 267 277 267 277 267 277 0 3 0 3
 12615680 5 394 74 394 74 394 160 254 160 254 277 254 277 0 4 0 3
 12615680 5 414 74 414 74 414 180 293 180 293 277 293 277 0 4 0 3
 12615680 5 454 74 454 74 454 138 241 138 241 277 241 277 0 4 0 3
 12615680 5 434 74 434 74 434 169 280 169 280 277 280 277 0 4 0 3
 33023 5 397 407 397 407 241 407 241 407 241 316 241 316 0 3 0 3
 33023 5 254 303 254 303 254 396 384 396 384 381 384 381 0 3 0 3
 33023 5 280 316 280 316 280 388 319 388 319 381 319 381 0 3 0 3
 33023 5 293 316 293 316 293 379 332 379 332 381 332 381 0 3 0 3
 33023 5 241 303 241 303 192 303 192 381 215 381 215 381 0 3 0 3
 65280 5 215 316 215 316 215 602 215 602 591 602 591 602 0 3 0 2
 16711808 5 332 290 332 290 332 268 625 268 625 150 625 150 0 3 0 5
 16711808 5 345 303 345 303 345 312 638 312 638 150 638 150 0 3 0 5
 16711808 5 358 277 358 277 560 277 560 277 560 150 560 150 0 3 0 5
 16711808 5 371 290 371 290 371 291 573 291 573 150 573 150 0 3 0 5
 16711808 5 384 290 384 290 586 290 586 290 586 150 586 150 0 3 0 5
 16711808 5 397 303 397 303 397 316 599 316 599 150 599 150 0 3 0 5
 16711808 5 410 303 410 303 612 303 612 303 612 150 612 150 0 3 0 5
2
 7090 1 14 209 329 5 0 0 0 3
 7047 1 16 313 329 5 0 0 0 3
