Version 0.9.7
6
 4 10 175 77 128 0 1
 5 80 400 206 81 2 2
 0 110 110 877 276 8 3
 1 108 404 206 81 140 4
 0 1004 111 877 276 150 5
 3 165 19 203 58 282 6
 0
94
 255 5 71 189 71 189 71 124 71 124 163 124 163 124 0 1 0 3
 255 5 930 124 930 124 995 124 995 362 930 362 930 358 0 3 0 3
 65793 5 163 371 163 371 71 371 71 371 71 288 71 288 0 3 0 1
 65793 5 930 137 930 137 1001 137 1001 371 930 371 930 371 0 3 0 3
 65793 5 241 319 241 319 241 319 241 371 241 371 241 371 0 3 0 3
 65793 5 123 473 123 473 85 473 85 371 176 371 176 371 0 4 0 3
 255 5 163 176 163 176 173 176 173 124 176 124 176 124 0 3 0 3
 255 5 163 358 163 358 103 358 103 415 123 415 123 415 0 3 0 4
 16744448 5 164 415 164 415 163 415 163 415 163 319 163 319 0 4 0 3
 16776960 5 183 415 183 415 188 415 188 319 189 319 189 319 0 4 0 3
 16711808 5 240 415 240 415 240 385 215 385 215 319 215 319 0 4 0 3
 65535 5 259 415 259 415 248 415 248 196 228 196 228 215 0 4 0 3
 255 5 267 176 267 176 267 176 267 124 267 124 267 124 0 3 0 3
 255 5 358 124 358 124 358 124 358 176 358 176 358 176 0 3 0 3
 255 5 449 176 449 176 449 176 449 124 449 124 449 124 0 3 0 3
 255 5 540 176 540 176 540 176 540 124 540 124 540 124 0 3 0 3
 255 5 644 176 644 176 644 176 644 124 644 124 644 124 0 3 0 3
 255 5 748 124 748 124 748 124 748 176 748 176 748 176 0 3 0 3
 65535 5 241 215 242 215 242 183 255 183 255 306 280 306 0 3 0 3
 12615935 5 278 415 278 415 278 341 306 341 306 306 306 306 0 4 0 3
 33023 5 297 415 297 415 297 415 319 415 319 306 319 306 0 4 0 3
 255 5 917 124 917 124 917 117 1057 117 1057 125 1057 125 0 3 0 5
 255 5 1824 125 1824 125 1885 125 1885 359 1824 359 1824 359 0 5 0 5
 65793 5 917 371 917 371 917 378 1057 378 1057 372 1057 372 0 3 0 5
 65793 5 1824 372 1824 372 1896 372 1896 138 1824 138 1824 138 0 5 0 5
 8421504 5 332 306 332 306 332 392 1017 392 1017 307 1057 307 0 3 0 5
 255 5 1070 125 1070 125 1070 153 1057 153 1057 177 1057 177 0 5 0 5
 0 5 1135 320 1135 320 1135 320 1135 372 1135 372 1135 372 0 5 0 5
 0 5 1226 320 1226 320 1226 320 1226 372 1226 372 1226 372 0 5 0 5
 0 5 1317 320 1317 320 1317 320 1317 372 1317 372 1317 372 0 5 0 5
 255 5 1148 125 1148 125 1148 125 1148 177 1148 177 1148 177 0 5 0 5
 255 5 1239 177 1239 177 1239 177 1239 125 1239 125 1239 125 0 5 0 5
 16711808 5 267 280 267 280 267 272 670 272 670 280 670 280 0 3 0 3
 65535 5 259 428 259 428 259 404 683 404 683 319 683 319 0 4 0 3
 8421504 5 709 319 709 319 709 332 1070 332 1070 307 1070 307 0 3 0 5
 65793 5 345 319 345 319 345 319 345 371 345 371 345 371 0 3 0 3
 65793 5 436 319 436 319 436 319 436 319 436 371 436 371 0 3 0 3
 65793 5 527 319 527 319 528 319 528 371 527 371 527 371 0 3 0 3
 65793 5 618 319 618 319 617 319 617 371 618 371 618 371 0 3 0 3
 65793 5 722 319 722 319 722 319 722 371 722 371 722 371 0 3 0 3
 65793 5 826 319 826 319 826 319 826 371 826 371 826 371 0 3 0 3
 65280 5 1083 320 1083 320 1083 320 1083 320 1096 320 1096 320 0 5 0 5
 8421504 5 774 306 774 306 774 356 1109 356 1109 320 1109 320 0 3 0 5
 16711808 5 215 293 215 293 215 221 280 221 280 215 280 215 0 3 0 3
 65535 5 280 293 280 293 289 293 289 215 293 215 293 215 0 3 0 3
 12615935 5 306 293 306 293 314 293 314 215 319 215 319 215 0 3 0 3
 33023 5 319 280 319 280 323 280 323 215 332 215 332 215 0 3 0 3
 65280 5 1122 320 1122 320 1129 320 1129 226 1070 226 1070 216 0 5 0 5
 8421504 5 1083 216 1083 216 1083 156 345 156 345 215 345 215 0 5 0 3
 65280 5 1096 216 1096 216 1096 216 1109 216 1109 216 1109 216 0 5 0 5
 16744448 5 176 306 176 306 176 298 358 298 358 306 358 306 0 3 0 3
 16776960 5 202 319 202 319 202 328 370 328 370 319 371 319 0 3 0 3
 4210816 5 221 415 221 415 221 398 397 398 397 319 397 319 0 4 0 3
 16711808 5 240 428 240 421 409 421 409 319 410 319 410 319 0 4 0 3
 8421504 5 423 319 452 319 452 164 1122 164 1122 216 1122 216 0 3 0 5
 65280 5 1135 216 1135 216 1141 216 1141 320 1148 320 1148 320 0 5 0 5
 16744448 5 358 280 358 280 365 280 365 202 371 202 371 202 0 3 0 3
 16776960 5 384 202 384 202 384 280 384 280 371 280 371 280 0 3 0 3
 4210816 5 397 306 397 300 419 300 419 202 423 202 423 202 0 3 0 3
 16777215 5 202 415 202 415 202 378 403 378 403 215 410 215 0 4 0 3
 8421504 5 436 215 436 215 436 148 1156 148 1156 320 1161 320 0 3 0 5
 65280 5 1174 320 1174 320 1174 334 1187 334 1187 320 1187 320 0 5 0 5
 16744448 5 371 189 371 189 371 194 683 194 683 189 683 189 0 3 0 3
 16776960 5 189 306 189 306 189 181 696 181 696 202 696 202 0 3 0 3
 16777215 5 410 202 410 202 410 200 709 200 709 202 709 202 0 3 0 3
 8421504 5 722 202 716 202 716 348 1200 348 1200 320 1200 320 0 3 0 5
 4259584 5 1213 320 1220 320 1220 206 1161 206 1161 216 1161 216 0 5 0 5
 16744448 5 683 215 683 207 457 207 457 319 449 319 449 319 0 3 0 3
 16776960 5 696 215 704 215 704 333 462 333 462 319 462 319 0 3 0 3
 4210816 5 397 293 397 293 397 289 488 289 488 306 488 306 0 3 0 3
 16711808 5 410 306 410 306 410 309 501 309 501 306 501 306 0 3 0 3
 8421504 5 1174 216 1181 216 1181 326 514 326 514 306 514 306 0 5 0 3
 65280 5 1187 216 1187 216 1187 216 1200 216 1200 216 1200 216 0 5 0 5
 16744448 5 164 441 164 441 164 428 787 428 787 319 787 319 0 4 0 3
 16776960 5 800 319 800 319 800 411 195 411 195 441 183 441 0 3 0 4
 8421504 5 813 319 813 319 813 412 1207 412 1207 216 1213 216 0 3 0 5
 65280 5 1226 216 1226 216 1240 216 1240 320 1239 320 1239 320 0 5 0 5
 16744448 5 787 306 787 306 787 312 464 312 464 215 462 215 0 3 0 3
 16776960 5 371 306 381 306 381 338 475 338 475 215 475 215 0 3 0 3
 16777215 5 410 189 399 189 399 222 501 222 501 215 501 215 0 3 0 3
 4210816 5 397 280 397 280 514 280 514 280 514 215 514 215 0 3 0 3
 8421504 5 527 215 541 215 541 340 1252 340 1252 320 1252 320 0 3 0 5
 65280 5 1265 320 1265 320 1265 320 1278 320 1278 320 1278 320 0 5 0 5
 16744448 5 787 293 787 293 787 299 553 299 553 215 553 215 0 3 0 3
 16776960 5 371 293 371 293 371 297 566 297 566 215 566 215 0 3 0 3
 4210816 5 514 189 514 189 592 189 592 189 592 215 592 215 0 3 0 3
 8421504 5 618 215 611 215 611 384 1291 384 1291 320 1291 320 0 3 0 5
 65793 5 163 137 163 137 163 56 163 56 176 56 176 56 0 3 0 6
 65280 5 1304 320 1304 320 1304 93 211 93 211 63 211 63 0 5 0 6
 16711808 5 267 306 267 306 267 311 228 311 228 306 228 306 0 3 0 3
 12615935 5 696 306 695 306 695 440 278 440 278 428 278 428 0 3 0 4
 16711808 5 748 306 748 306 748 434 240 434 240 441 240 441 0 3 0 4
 65535 5 259 441 259 441 259 447 761 447 761 319 761 319 0 4 0 3
 16711808 5 605 215 605 215 605 174 280 174 280 202 280 202 0 3 0 3
10
 7021 1 14 443 228 5 0 0 11752 3
 7021 1 14 352 228 5 0 0 11752 3
 7021 1 14 261 228 5 0 0 11752 3
 7021 1 14 534 228 5 0 0 11752 3
 7011 1 14 638 228 5 0 0 11752 3
 7008 1 14 742 228 5 0 0 11752 3
 7004 1 14 157 228 5 0 0 11752 3
 7032 1 14 1142 229 5 0 0 11752 5
 7032 1 14 1233 229 5 0 0 11752 5
 7032 1 14 1051 229 5 0 0 11752 5
